          349              1        -3.0235        -2.7609  
          350              1        -2.9735        -2.7609  
          350              1        -2.9735        -2.7609  
          350              1        -2.9735        -2.7609  
          350              1        -2.9735        -2.7609  
          350              1        -2.9735        -2.7609  
          351              1        -2.9245        -2.7609  
          351              1        -2.9245        -2.7609  
          351              1        -2.9245        -2.7609  
          351              1        -2.9245        -2.7609  
          351              1        -2.9245        -2.7609  
          352              1        -2.8749        -2.7609  
          352              1        -2.8749        -2.7609  
          352              1        -2.8749        -2.7609  
          352              1        -2.8749        -2.7609  
          353              1        -2.8255        -2.7609  
          353              1        -2.8255        -2.7609  
          353              1        -2.8255        -2.7609  
          353              1        -2.8255        -2.7609  
          353              1        -2.8255        -2.7609  
          354              1        -2.7762        -2.7609  
          354              1        -2.7762        -2.7609  
          354              1        -2.7762        -2.7609  
          354              1        -2.7762        -2.7609  
          354              1        -2.7762        -2.7609  
          355              1        -2.7267        -2.7609  
          355              1        -2.7267        -2.7609  
          355              1        -2.7267        -2.7609  
          355              1        -2.7267        -2.7609  
          355              1        -2.7267        -2.7609  
          356              1        -2.6774        -2.7609  
          356              1        -2.6774        -2.7609  
          356              1        -2.6774        -2.7609  
          356              1        -2.6774        -2.7609  
          357              1        -2.6281        -2.7609  
          357              1        -2.6281        -2.7609  
          357              1        -2.6281        -2.7609  
          357              1        -2.6281        -2.7609  
          357              1        -2.6281        -2.7609  
          358              1        -2.5783        -2.7609  
          358              1        -2.5783        -2.7609  
          358              1        -2.5783        -2.7609  
          358              1        -2.5783        -2.7609  
          358              1        -2.5783        -2.7609  
          359              1        -2.5291        -2.7609  
          359              1        -2.5291        -2.7609  
          359              1        -2.5291        -2.7609  
          359              1        -2.5291        -2.7609  
          359              1        -2.5291        -2.7609  
          360              1        -2.4793        -2.7609  
          360              1        -2.4793        -2.7609  
          360              1        -2.4793        -2.7609  
          360              1        -2.4793        -2.7609  
          360              1        -2.4793        -2.7609  
          361              1        -2.4297        -2.7609  
          361              1        -2.4297        -2.7609  
          361              1        -2.4297        -2.7609  
          361              1        -2.4297        -2.7609  
          362              1        -2.3804        -2.7609  
          362              1        -2.3804        -2.7609  
          362              1        -2.3804        -2.7609  
          362              1        -2.3804        -2.7609  
          362              1        -2.3804        -2.7609  
          363              1        -2.3307        -2.7609  
          363              1        -2.3307        -2.7609  
          363              1        -2.3307        -2.7609  
          363              1        -2.3307        -2.7609  
          363              1        -2.3307        -2.7609  
          364              1        -2.2813        -2.7609  
          364              1        -2.2813        -2.7609  
          364              1        -2.2813        -2.7609  
          364              1        -2.2813        -2.7609  
          365              1        -2.2313        -2.7609  
          365              1        -2.2313        -2.7609  
          365              1        -2.2313        -2.7609  
          365              1        -2.2313        -2.7609  
          365              1        -2.2313        -2.7609  
          366              1        -2.1818        -2.7609  
          366              1        -2.1818        -2.7609  
          366              1        -2.1818        -2.7609  
          366              1        -2.1818        -2.7609  
          366              1        -2.1818        -2.7609  
          367              1        -2.1332        -2.7609  
          367              1        -2.1332        -2.7609  
          367              1        -2.1332        -2.7609  
          367              1        -2.1332        -2.7609  
          367              1        -2.1332        -2.7609  
          368              1        -2.0837        -2.7609  
          368              1        -2.0837        -2.7609  
          368              1        -2.0837        -2.7609  
          368              1        -2.0837        -2.7609  
          368              1        -2.0837        -2.7609  
          369              1        -2.0342        -2.7609  
          369              1        -2.0342        -2.7609  
          369              1        -2.0342        -2.7609  
          369              1        -2.0342        -2.7609  
          369              1        -2.0342        -2.7609  
          370              1        -1.9843        -2.7609  
          370              1        -1.9843        -2.7609  
          370              1        -1.9843        -2.7609  
          370              1        -1.9843        -2.7609  
          370              1        -1.9843        -2.7609  
          371              1        -1.9350        -2.7609  
          371              1        -1.9350        -2.7609  
          371              1        -1.9350        -2.7609  
          371              1        -1.9350        -2.7609  
          371              1        -1.9350        -2.7609  
          372              1        -1.8854        -2.7609  
          372              1        -1.8854        -2.7609  
          372              1        -1.8854        -2.7609  
          372              1        -1.8854        -2.7609  
          372              1        -1.8854        -2.7609  
          373              1        -1.8357        -2.7609  
          373              1        -1.8357        -2.7609  
          373              1        -1.8357        -2.7609  
          373              1        -1.8357        -2.7609  
          373              1        -1.8357        -2.7609  
          374              1        -1.7865        -2.7609  
          374              1        -1.7865        -2.7609  
          374              1        -1.7865        -2.7609  
          374              1        -1.7865        -2.7609  
          374              1        -1.7865        -2.7609  
          375              1        -1.7371        -2.7609  
          375              1        -1.7371        -2.7609  
          375              1        -1.7371        -2.7609  
          375              1        -1.7371        -2.7609  
          375              1        -1.7371        -2.7609  
          376              1        -1.6875        -2.7609  
          376              1        -1.6875        -2.7609  
          376              1        -1.6875        -2.7609  
          376              1        -1.6875        -2.7609  
          376              1        -1.6875        -2.7609  
          377              1        -1.6384        -2.7609  
          377              1        -1.6384        -2.7609  
          377              1        -1.6384        -2.7609  
          377              1        -1.6384        -2.7609  
          377              1        -1.6384        -2.7609  
          378              1        -1.5897        -2.7609  
          378              1        -1.5897        -2.7609  
          378              1        -1.5897        -2.7609  
          378              1        -1.5897        -2.7609  
          379              1        -1.5406        -2.7609  
          379              1        -1.5406        -2.7609  
          379              1        -1.5406        -2.7609  
          379              1        -1.5406        -2.7609  
          379              1        -1.5406        -2.7609  
          380              1        -1.4904        -2.7609  
          380              1        -1.4904        -2.7609  
          380              1        -1.4904        -2.7609  
          380              1        -1.4904        -2.7609  
          380              1        -1.4904        -2.7609  
          381              1        -1.4406        -2.7609  
          381              1        -1.4406        -2.7609  
          381              1        -1.4406        -2.7609  
          381              1        -1.4406        -2.7609  
          381              1        -1.4406        -2.7609  
          382              1        -1.3911        -2.7609  
          382              1        -1.3911        -2.7609  
          382              1        -1.3911        -2.7609  
          382              1        -1.3911        -2.7609  
          382              1        -1.3911        -2.7609  
          383              1        -1.3414        -2.7609  
          383              1        -1.3414        -2.7609  
          383              1        -1.3414        -2.7609  
          383              1        -1.3414        -2.7609  
          383              1        -1.3414        -2.7609  
          384              1        -1.2920        -2.7609  
          384              1        -1.2920        -2.7609  
          384              1        -1.2920        -2.7609  
          384              1        -1.2920        -2.7609  
          384              1        -1.2920        -2.7609  
          385              1        -1.2423        -2.7609  
          385              1        -1.2423        -2.7609  
          385              1        -1.2423        -2.7609  
          385              1        -1.2423        -2.7609  
          385              1        -1.2423        -2.7609  
          386              1        -1.1929        -2.7609  
          386              1        -1.1929        -2.7609  
          386              1        -1.1929        -2.7609  
          386              1        -1.1929        -2.7609  
          386              1        -1.1929        -2.7609  
          387              1        -1.1434        -2.7609  
          387              1        -1.1434        -2.7609  
          387              1        -1.1434        -2.7609  
          387              1        -1.1434        -2.7609  
          387              1        -1.1434        -2.7609  
          388              1        -1.0938        -2.7609  
          388              1        -1.0938        -2.7609  
          388              1        -1.0938        -2.7609  
          388              1        -1.0938        -2.7609  
          388              1        -1.0938        -2.7609  
          389              1        -1.0454        -2.7609  
          389              1        -1.0454        -2.7609  
          389              1        -1.0454        -2.7609  
          389              1        -1.0454        -2.7609  
          389              1        -1.0454        -2.7609  
          390              1        -0.9960        -2.7609  
          390              1        -0.9960        -2.7609  
          390              1        -0.9960        -2.7609  
          390              1        -0.9960        -2.7609  
          390              1        -0.9960        -2.7609  
          391              1        -0.9463        -2.7609  
          391              1        -0.9463        -2.7609  
          391              1        -0.9463        -2.7609  
          391              1        -0.9463        -2.7609  
          391              1        -0.9463        -2.7609  
          392              1        -0.8970        -2.7609  
          392              1        -0.8970        -2.7609  
          392              1        -0.8970        -2.7609  
          392              1        -0.8970        -2.7609  
          393              1        -0.8472        -2.7609  
          393              1        -0.8472        -2.7609  
          393              1        -0.8472        -2.7609  
          393              1        -0.8472        -2.7609  
          393              1        -0.8472        -2.7609  
          394              1        -0.7976        -2.7609  
          394              1        -0.7976        -2.7609  
          394              1        -0.7976        -2.7609  
          394              1        -0.7976        -2.7609  
          394              1        -0.7976        -2.7609  
          395              1        -0.7478        -2.7609  
          395              1        -0.7478        -2.7609  
          395              1        -0.7478        -2.7609  
          395              1        -0.7478        -2.7609  
          395              1        -0.7478        -2.7609  
          396              1        -0.6982        -2.7609  
          396              1        -0.6982        -2.7609  
          396              1        -0.6982        -2.7609  
          396              1        -0.6982        -2.7609  
          396              1        -0.6982        -2.7609  
          397              1        -0.6488        -2.7609  
          397              1        -0.6488        -2.7609  
          397              1        -0.6488        -2.7609  
          397              1        -0.6488        -2.7609  
          397              1        -0.6488        -2.7609  
          398              1        -0.5992        -2.7609  
          398              1        -0.5992        -2.7609  
          398              1        -0.5992        -2.7609  
          398              1        -0.5992        -2.7609  
          399              1        -0.5499        -2.7609  
          399              1        -0.5499        -2.7609  
          399              1        -0.5499        -2.7609  
          399              1        -0.5499        -2.7609  
          399              1        -0.5499        -2.7609  
          400              1        -0.5002        -2.7609  
          400              1        -0.5002        -2.7609  
          400              1        -0.5002        -2.7609  
          400              1        -0.5002        -2.7609  
          400              1        -0.5002        -2.7609  
          401              1        -0.4507        -2.7609  
          401              1        -0.4507        -2.7609  
          401              1        -0.4507        -2.7609  
          401              1        -0.4507        -2.7609  
          402              1        -0.4010        -2.7609  
          402              1        -0.4010        -2.7609  
          402              1        -0.4010        -2.7609  
          402              1        -0.4010        -2.7609  
          402              1        -0.4010        -2.7609  
          403              1        -0.3515        -2.7609  
          403              1        -0.3515        -2.7609  
          403              1        -0.3515        -2.7609  
          403              1        -0.3515        -2.7609  
          403              1        -0.3515        -2.7609  
          404              1        -0.3022        -2.7609  
          404              1        -0.3022        -2.7609  
          404              1        -0.3022        -2.7609  
          404              1        -0.3022        -2.7609  
          404              1        -0.3022        -2.7609  
          405              1        -0.2527        -2.7609  
          405              1        -0.2527        -2.7609  
          405              1        -0.2527        -2.7609  
          405              1        -0.2527        -2.7609  
          405              1        -0.2527        -2.7609  
          406              1        -0.2031        -2.7609  
          406              1        -0.2031        -2.7609  
          406              1        -0.2031        -2.7609  
          406              1        -0.2031        -2.7609  
          406              1        -0.2031        -2.7609  
          407              1        -0.1539        -2.7609  
          407              1        -0.1539        -2.7609  
          407              1        -0.1539        -2.7609  
          407              1        -0.1539        -2.7609  
          407              1        -0.1539        -2.7609  
          408              1        -0.1044        -2.7609  
          408              1        -0.1044        -2.7609  
          408              1        -0.1044        -2.7609  
          408              1        -0.1044        -2.7609  
          408              1        -0.1044        -2.7609  
          409              1        -0.0551        -2.7609  
          409              1        -0.0551        -2.7609  
          409              1        -0.0551        -2.7609  
          409              1        -0.0551        -2.7609  
          409              1        -0.0551        -2.7609  
          410              1        -0.0057        -2.7609  
          410              1        -0.0057        -2.7609  
          410              1        -0.0057        -2.7609  
          410              1        -0.0057        -2.7609  
          411              1         0.0430        -2.7609  
          411              1         0.0430        -2.7609  
          411              1         0.0430        -2.7609  
          411              1         0.0430        -2.7609  
          411              1         0.0430        -2.7609  
          412              1         0.0926        -2.7609  
          412              1         0.0926        -2.7609  
          412              1         0.0926        -2.7609  
          412              1         0.0926        -2.7609  
          412              1         0.0926        -2.7609  
          413              1         0.1422        -2.7609  
          413              1         0.1422        -2.7609  
          413              1         0.1422        -2.7609  
          413              1         0.1422        -2.7609  
          413              1         0.1422        -2.7609  
          414              1         0.1917        -2.7609  
          414              1         0.1917        -2.7609  
          414              1         0.1917        -2.7609  
          414              1         0.1917        -2.7609  
          414              1         0.1917        -2.7609  
          415              1         0.2411        -2.7609  
          415              1         0.2411        -2.7609  
          415              1         0.2411        -2.7609  
          415              1         0.2411        -2.7609  
          415              1         0.2411        -2.7609  
          416              1         0.2903        -2.7609  
          416              1         0.2903        -2.7609  
          416              1         0.2903        -2.7609  
          416              1         0.2903        -2.7609  
          416              1         0.2903        -2.7609  
          417              1         0.3397        -2.7609  
          417              1         0.3397        -2.7609  
          417              1         0.3397        -2.7609  
          417              1         0.3397        -2.7609  
          417              1         0.3397        -2.7609  
          418              1         0.3893        -2.7609  
          418              1         0.3893        -2.7609  
          418              1         0.3893        -2.7609  
          418              1         0.3893        -2.7609  
          418              1         0.3893        -2.7609  
          419              1         0.4389        -2.7609  
          419              1         0.4389        -2.7609  
          419              1         0.4389        -2.7609  
          419              1         0.4389        -2.7609  
          420              1         0.4886        -2.7609  
          420              1         0.4886        -2.7609  
          420              1         0.4886        -2.7609  
          420              1         0.4886        -2.7609  
          420              1         0.4886        -2.7609  
          421              1         0.5382        -2.7609  
          421              1         0.5382        -2.7609  
          421              1         0.5382        -2.7609  
          421              1         0.5382        -2.7609  
          421              1         0.5382        -2.7609  
          422              1         0.5878        -2.7609  
          422              1         0.5878        -2.7609  
          422              1         0.5878        -2.7609  
          422              1         0.5878        -2.7609  
          422              1         0.5878        -2.7609  
          423              1         0.6374        -2.7609  
          423              1         0.6374        -2.7609  
          423              1         0.6374        -2.7609  
          423              1         0.6374        -2.7609  
          423              1         0.6374        -2.7609  
          424              1         0.6870        -2.7609  
          424              1         0.6870        -2.7609  
          424              1         0.6870        -2.7609  
          424              1         0.6870        -2.7609  
          425              1         0.7366        -2.7609  
          425              1         0.7366        -2.7609  
          425              1         0.7366        -2.7609  
          425              1         0.7366        -2.7609  
          425              1         0.7366        -2.7609  
          426              1         0.7864        -2.7609  
          426              1         0.7864        -2.7609  
          426              1         0.7864        -2.7609  
          426              1         0.7864        -2.7609  
          426              1         0.7864        -2.7609  
          427              1         0.8360        -2.7609  
          427              1         0.8360        -2.7609  
          427              1         0.8360        -2.7609  
          427              1         0.8360        -2.7609  
          427              1         0.8360        -2.7609  
          428              1         0.8855        -2.7609  
          428              1         0.8855        -2.7609  
          428              1         0.8855        -2.7609  
          428              1         0.8855        -2.7609  
          429              1         0.9349        -2.7609  
          429              1         0.9349        -2.7609  
          429              1         0.9349        -2.7609  
          429              1         0.9349        -2.7609  
          429              1         0.9349        -2.7609  
          430              1         0.9843        -2.7609  
          430              1         0.9843        -2.7609  
          430              1         0.9843        -2.7609  
          430              1         0.9843        -2.7609  
          431              1         1.0337        -2.7609  
          431              1         1.0337        -2.7609  
          431              1         1.0337        -2.7609  
          431              1         1.0337        -2.7609  
          431              1         1.0337        -2.7609  
          432              1         1.0822        -2.7609  
          432              1         1.0822        -2.7609  
          432              1         1.0822        -2.7609  
          432              1         1.0822        -2.7609  
          432              1         1.0822        -2.7609  
          433              1         1.1315        -2.7609  
          433              1         1.1315        -2.7609  
          433              1         1.1315        -2.7609  
          433              1         1.1315        -2.7609  
          433              1         1.1315        -2.7609  
          434              1         1.1809        -2.7609  
          434              1         1.1809        -2.7609  
          434              1         1.1809        -2.7609  
          434              1         1.1809        -2.7609  
          434              1         1.1809        -2.7609  
          435              1         1.2310        -2.7609  
          435              1         1.2310        -2.7609  
          435              1         1.2310        -2.7609  
          435              1         1.2310        -2.7609  
          435              1         1.2310        -2.7609  
          436              1         1.2805        -2.7609  
          436              1         1.2805        -2.7609  
          436              1         1.2805        -2.7609  
          436              1         1.2805        -2.7609  
          436              1         1.2805        -2.7609  
          437              1         1.3299        -2.7609  
          437              1         1.3299        -2.7609  
          437              1         1.3299        -2.7609  
          437              1         1.3299        -2.7609  
          437              1         1.3299        -2.7609  
          438              1         1.3793        -2.7609  
          438              1         1.3793        -2.7609  
          438              1         1.3793        -2.7609  
          438              1         1.3793        -2.7609  
          438              1         1.3793        -2.7609  
          439              1         1.4288        -2.7609  
          439              1         1.4288        -2.7609  
          439              1         1.4288        -2.7609  
          439              1         1.4288        -2.7609  
          439              1         1.4288        -2.7609  
          440              1         1.4781        -2.7609  
          440              1         1.4781        -2.7609  
          440              1         1.4781        -2.7609  
          440              1         1.4781        -2.7609  
          440              1         1.4781        -2.7609  
          441              1         1.5275        -2.7609  
          441              1         1.5275        -2.7609  
          441              1         1.5275        -2.7609  
          441              1         1.5275        -2.7609  
          441              1         1.5275        -2.7609  
          442              1         1.5768        -2.7609  
          442              1         1.5768        -2.7609  
          442              1         1.5768        -2.7609  
          442              1         1.5768        -2.7609  
          443              1         1.6262        -2.7609  
          443              1         1.6262        -2.7609  
          443              1         1.6262        -2.7609  
          443              1         1.6262        -2.7609  
          443              1         1.6262        -2.7609  
          444              1         1.6757        -2.7609  
          444              1         1.6757        -2.7609  
          444              1         1.6757        -2.7609  
          444              1         1.6757        -2.7609  
          444              1         1.6757        -2.7609  
          445              1         1.7251        -2.7609  
          445              1         1.7251        -2.7609  
          445              1         1.7251        -2.7609  
          445              1         1.7251        -2.7609  
          445              1         1.7251        -2.7609  
          446              1         1.7746        -2.7609  
          446              1         1.7746        -2.7609  
          446              1         1.7746        -2.7609  
          446              1         1.7746        -2.7609  
          447              1         1.8243        -2.7609  
          447              1         1.8243        -2.7609  
          447              1         1.8243        -2.7609  
          447              1         1.8243        -2.7609  
          447              1         1.8243        -2.7609  
          448              1         1.8739        -2.7609  
          448              1         1.8739        -2.7609  
          448              1         1.8739        -2.7609  
          448              1         1.8739        -2.7609  
          448              1         1.8739        -2.7609  
          449              1         1.9235        -2.7609  
          449              1         1.9235        -2.7609  
          449              1         1.9235        -2.7609  
          449              1         1.9235        -2.7609  
          449              1         1.9235        -2.7609  
          450              1         1.9731        -2.7609  
          450              1         1.9731        -2.7609  
          450              1         1.9731        -2.7609  
          450              1         1.9731        -2.7609  
          450              1         1.9731        -2.7609  
          451              1         2.0227        -2.7609  
          451              1         2.0227        -2.7609  
          451              1         2.0227        -2.7609  
          451              1         2.0227        -2.7609  
          451              1         2.0227        -2.7609  
          452              1         2.0723        -2.7609  
          452              1         2.0723        -2.7609  
          452              1         2.0723        -2.7609  
          452              1         2.0723        -2.7609  
          452              1         2.0723        -2.7609  
          453              1         2.1220        -2.7609  
          453              1         2.1220        -2.7609  
          453              1         2.1220        -2.7609  
          453              1         2.1220        -2.7609  
          453              1         2.1220        -2.7609  
          454              1         2.1717        -2.7609  
          454              1         2.1717        -2.7609  
          454              1         2.1717        -2.7609  
          454              1         2.1717        -2.7609  
          454              1         2.1717        -2.7609  
          455              1         2.2213        -2.7609  
          455              1         2.2213        -2.7609  
          455              1         2.2213        -2.7609  
          455              1         2.2213        -2.7609  
          456              1         2.2698        -2.7609  
          456              1         2.2698        -2.7609  
          456              1         2.2698        -2.7609  
          456              1         2.2698        -2.7609  
          456              1         2.2698        -2.7609  
          457              1         2.3192        -2.7609  
          457              1         2.3192        -2.7609  
          457              1         2.3192        -2.7609  
          457              1         2.3192        -2.7609  
          457              1         2.3192        -2.7609  
          458              1         2.3687        -2.7609  
          458              1         2.3687        -2.7609  
          458              1         2.3687        -2.7609  
          458              1         2.3687        -2.7609  
          459              1         2.4182        -2.7609  
          459              1         2.4182        -2.7609  
          459              1         2.4182        -2.7609  
          459              1         2.4182        -2.7609  
          459              1         2.4182        -2.7609  
          460              1         2.4677        -2.7609  
          460              1         2.4677        -2.7609  
          460              1         2.4677        -2.7609  
          460              1         2.4677        -2.7609  
          460              1         2.4677        -2.7609  
          461              1         2.5171        -2.7609  
          461              1         2.5171        -2.7609  
          461              1         2.5171        -2.7609  
          461              1         2.5171        -2.7609  
          461              1         2.5171        -2.7609  
          462              1         2.5667        -2.7609  
          462              1         2.5667        -2.7609  
          462              1         2.5667        -2.7609  
          462              1         2.5667        -2.7609  
          462              1         2.5667        -2.7609  
          463              1         2.6162        -2.7609  
          463              1         2.6162        -2.7609  
          463              1         2.6162        -2.7609  
          463              1         2.6162        -2.7609  
          464              1         2.6657        -2.7609  
          464              1         2.6657        -2.7609  
          464              1         2.6657        -2.7609  
          464              1         2.6657        -2.7609  
          464              1         2.6657        -2.7609  
          465              1         2.7154        -2.7609  
          465              1         2.7154        -2.7609  
          465              1         2.7154        -2.7609  
          465              1         2.7154        -2.7609  
          465              1         2.7154        -2.7609  
          466              1         2.7648        -2.7609  
          466              1         2.7648        -2.7609  
          466              1         2.7648        -2.7609  
          466              1         2.7648        -2.7609  
          467              1         2.8141        -2.7609  
          467              1         2.8141        -2.7609  
          467              1         2.8141        -2.7609  
          467              1         2.8141        -2.7609  
          467              1         2.8141        -2.7609  
          468              1         2.8635        -2.7609  
          468              1         2.8635        -2.7609  
          468              1         2.8635        -2.7609  
          468              1         2.8635        -2.7609  
          468              1         2.8635        -2.7609  
          469              1         2.9129        -2.7609  
          469              1         2.9129        -2.7609  
          469              1         2.9129        -2.7609  
          469              1         2.9129        -2.7609  
          469              1         2.9129        -2.7609  
          470              1         2.9622        -2.7609  
          470              1         2.9622        -2.7609  
          470              1         2.9622        -2.7609  
          470              1         2.9622        -2.7609  
          470              1         2.9622        -2.7609  
          471              1         3.0119        -2.7609  
          471              1         3.0119        -2.7609  
          471              1         3.0119        -2.7609  
          471              1         3.0119        -2.7609  
          471              1         3.0119        -2.7609  
          472              1         3.0615        -2.7609  
          472              1         3.0615        -2.7609  
          472              1         3.0615        -2.7609  
          472              1         3.0615        -2.7609  
          472              1         3.0615        -2.7609  
          473              1         3.1111        -2.7609  
          473              1         3.1111        -2.7609  
          473              1         3.1111        -2.7609  
          473              1         3.1111        -2.7609  
          473              1         3.1111        -2.7609  
          474              1         3.1607        -2.7609  
          474              1         3.1607        -2.7609  
          474              1         3.1607        -2.7609  
          474              1         3.1607        -2.7609  
          474              1         3.1607        -2.7609  
          475              1         3.2101        -2.7609  
          475              1         3.2101        -2.7609  
          475              1         3.2101        -2.7609  
          475              1         3.2101        -2.7609  
          475              1         3.2101        -2.7609  
          476              1         3.2594        -2.7609  
          476              1         3.2594        -2.7609  
          528              2         3.0505        -2.6821  
          528              2         3.0505        -2.6821  
          529              2         3.0017        -2.6820  
          529              2         3.0017        -2.6820  
          529              2         3.0017        -2.6820  
          529              2         3.0017        -2.6820  
          529              2         3.0017        -2.6820  
          530              2         2.9511        -2.6822  
          530              2         2.9511        -2.6822  
          530              2         2.9511        -2.6822  
          530              2         2.9511        -2.6822  
          530              2         2.9511        -2.6822  
          531              2         2.9027        -2.6820  
          531              2         2.9027        -2.6820  
          531              2         2.9027        -2.6820  
          531              2         2.9027        -2.6820  
          532              2         2.8524        -2.6821  
          532              2         2.8524        -2.6821  
          532              2         2.8524        -2.6821  
          532              2         2.8524        -2.6821  
          532              2         2.8524        -2.6821  
          533              2         2.8033        -2.6821  
          533              2         2.8033        -2.6821  
          533              2         2.8033        -2.6821  
          533              2         2.8033        -2.6821  
          533              2         2.8033        -2.6821  
          534              2         2.7543        -2.6821  
          534              2         2.7543        -2.6821  
          534              2         2.7543        -2.6821  
          534              2         2.7543        -2.6821  
          535              2         2.7046        -2.6821  
          535              2         2.7046        -2.6821  
          535              2         2.7046        -2.6821  
          535              2         2.7046        -2.6821  
          535              2         2.7046        -2.6821  
          536              2         2.6562        -2.6821  
          536              2         2.6562        -2.6821  
          536              2         2.6562        -2.6821  
          536              2         2.6562        -2.6821  
          536              2         2.6562        -2.6821  
          537              2         2.6073        -2.6820  
          537              2         2.6073        -2.6820  
          537              2         2.6073        -2.6820  
          537              2         2.6073        -2.6820  
          537              2         2.6073        -2.6820  
          538              2         2.5569        -2.6821  
          538              2         2.5569        -2.6821  
          538              2         2.5569        -2.6821  
          538              2         2.5569        -2.6821  
          538              2         2.5569        -2.6821  
          539              2         2.5075        -2.6821  
          539              2         2.5075        -2.6821  
          539              2         2.5075        -2.6821  
          539              2         2.5075        -2.6821  
          540              2         2.4578        -2.6821  
          540              2         2.4578        -2.6821  
          540              2         2.4578        -2.6821  
          540              2         2.4578        -2.6821  
          540              2         2.4578        -2.6821  
          541              2         2.4081        -2.6821  
          541              2         2.4081        -2.6821  
          541              2         2.4081        -2.6821  
          541              2         2.4081        -2.6821  
          541              2         2.4081        -2.6821  
          542              2         2.3597        -2.6820  
          542              2         2.3597        -2.6820  
          542              2         2.3597        -2.6820  
          542              2         2.3597        -2.6820  
          542              2         2.3597        -2.6820  
          543              2         2.3099        -2.6821  
          543              2         2.3099        -2.6821  
          543              2         2.3099        -2.6821  
          543              2         2.3099        -2.6821  
          543              2         2.3099        -2.6821  
          544              2         2.2617        -2.6820  
          544              2         2.2617        -2.6820  
          544              2         2.2617        -2.6820  
          544              2         2.2617        -2.6820  
          544              2         2.2617        -2.6820  
          545              2         2.2115        -2.6821  
          545              2         2.2115        -2.6821  
          545              2         2.2115        -2.6821  
          545              2         2.2115        -2.6821  
          545              2         2.2115        -2.6821  
          546              2         2.1614        -2.6821  
          546              2         2.1614        -2.6821  
          546              2         2.1614        -2.6821  
          546              2         2.1614        -2.6821  
          546              2         2.1614        -2.6821  
          547              2         2.1117        -2.6821  
          547              2         2.1117        -2.6821  
          547              2         2.1117        -2.6821  
          547              2         2.1117        -2.6821  
          547              2         2.1117        -2.6821  
          548              2         2.0618        -2.6821  
          548              2         2.0618        -2.6821  
          548              2         2.0618        -2.6821  
          548              2         2.0618        -2.6821  
          548              2         2.0618        -2.6821  
          549              2         2.0122        -2.6821  
          549              2         2.0122        -2.6821  
          549              2         2.0122        -2.6821  
          549              2         2.0122        -2.6821  
          550              2         1.9625        -2.6821  
          550              2         1.9625        -2.6821  
          550              2         1.9625        -2.6821  
          550              2         1.9625        -2.6821  
          550              2         1.9625        -2.6821  
          551              2         1.9131        -2.6821  
          551              2         1.9131        -2.6821  
          551              2         1.9131        -2.6821  
          551              2         1.9131        -2.6821  
          551              2         1.9131        -2.6821  
          552              2         1.8638        -2.6821  
          552              2         1.8638        -2.6821  
          552              2         1.8638        -2.6821  
          552              2         1.8638        -2.6821  
          552              2         1.8638        -2.6821  
          553              2         1.8144        -2.6821  
          553              2         1.8144        -2.6821  
          553              2         1.8144        -2.6821  
          553              2         1.8144        -2.6821  
          553              2         1.8144        -2.6821  
          554              2         1.7650        -2.6821  
          554              2         1.7650        -2.6821  
          554              2         1.7650        -2.6821  
          554              2         1.7650        -2.6821  
          554              2         1.7650        -2.6821  
          555              2         1.7157        -2.6820  
          555              2         1.7157        -2.6820  
          555              2         1.7157        -2.6820  
          555              2         1.7157        -2.6820  
          555              2         1.7157        -2.6820  
          556              2         1.6658        -2.6821  
          556              2         1.6658        -2.6821  
          556              2         1.6658        -2.6821  
          556              2         1.6658        -2.6821  
          556              2         1.6658        -2.6821  
          557              2         1.6162        -2.6820  
          557              2         1.6162        -2.6820  
          557              2         1.6162        -2.6820  
          557              2         1.6162        -2.6820  
          557              2         1.6162        -2.6820  
          558              2         1.5660        -2.6821  
          558              2         1.5660        -2.6821  
          558              2         1.5660        -2.6821  
          558              2         1.5660        -2.6821  
          559              2         1.5166        -2.6821  
          559              2         1.5166        -2.6821  
          559              2         1.5166        -2.6821  
          559              2         1.5166        -2.6821  
          559              2         1.5166        -2.6821  
          560              2         1.4674        -2.6820  
          560              2         1.4674        -2.6820  
          560              2         1.4674        -2.6820  
          560              2         1.4674        -2.6820  
          560              2         1.4674        -2.6820  
          561              2         1.4179        -2.6821  
          561              2         1.4179        -2.6821  
          561              2         1.4179        -2.6821  
          561              2         1.4179        -2.6821  
          562              2         1.3689        -2.6820  
          562              2         1.3689        -2.6820  
          562              2         1.3689        -2.6820  
          562              2         1.3689        -2.6820  
          562              2         1.3689        -2.6820  
          563              2         1.3196        -2.6821  
          563              2         1.3196        -2.6821  
          563              2         1.3196        -2.6821  
          563              2         1.3196        -2.6821  
          563              2         1.3196        -2.6821  
          564              2         1.2702        -2.6820  
          564              2         1.2702        -2.6820  
          564              2         1.2702        -2.6820  
          564              2         1.2702        -2.6820  
          565              2         1.2208        -2.6820  
          565              2         1.2208        -2.6820  
          565              2         1.2208        -2.6820  
          565              2         1.2208        -2.6820  
          565              2         1.2208        -2.6820  
          566              2         1.1723        -2.6820  
          566              2         1.1723        -2.6820  
          566              2         1.1723        -2.6820  
          566              2         1.1723        -2.6820  
          566              2         1.1723        -2.6820  
          567              2         1.1225        -2.6821  
          567              2         1.1225        -2.6821  
          567              2         1.1225        -2.6821  
          567              2         1.1225        -2.6821  
          567              2         1.1225        -2.6821  
          568              2         1.0731        -2.6820  
          568              2         1.0731        -2.6820  
          568              2         1.0731        -2.6820  
          568              2         1.0731        -2.6820  
          569              2         1.0237        -2.6820  
          569              2         1.0237        -2.6820  
          569              2         1.0237        -2.6820  
          569              2         1.0237        -2.6820  
          569              2         1.0237        -2.6820  
          570              2         0.9740        -2.6820  
          570              2         0.9740        -2.6820  
          570              2         0.9740        -2.6820  
          570              2         0.9740        -2.6820  
          571              2         0.9245        -2.6820  
          571              2         0.9245        -2.6820  
          571              2         0.9245        -2.6820  
          571              2         0.9245        -2.6820  
          571              2         0.9245        -2.6820  
          572              2         0.8756        -2.6821  
          572              2         0.8756        -2.6821  
          572              2         0.8756        -2.6821  
          572              2         0.8756        -2.6821  
          572              2         0.8756        -2.6821  
          573              2         0.8266        -2.6820  
          573              2         0.8266        -2.6820  
          573              2         0.8266        -2.6820  
          573              2         0.8266        -2.6820  
          573              2         0.8266        -2.6820  
          574              2         0.7771        -2.6820  
          574              2         0.7771        -2.6820  
          574              2         0.7771        -2.6820  
          574              2         0.7771        -2.6820  
          575              2         0.7274        -2.6820  
          575              2         0.7274        -2.6820  
          575              2         0.7274        -2.6820  
          575              2         0.7274        -2.6820  
          575              2         0.7274        -2.6820  
          576              2         0.6775        -2.6820  
          576              2         0.6775        -2.6820  
          576              2         0.6775        -2.6820  
          576              2         0.6775        -2.6820  
          576              2         0.6775        -2.6820  
          577              2         0.6277        -2.6820  
          577              2         0.6277        -2.6820  
          577              2         0.6277        -2.6820  
          577              2         0.6277        -2.6820  
          577              2         0.6277        -2.6820  
          578              2         0.5780        -2.6820  
          578              2         0.5780        -2.6820  
          578              2         0.5780        -2.6820  
          578              2         0.5780        -2.6820  
          578              2         0.5780        -2.6820  
          579              2         0.5282        -2.6820  
          579              2         0.5282        -2.6820  
          579              2         0.5282        -2.6820  
          579              2         0.5282        -2.6820  
          580              2         0.4786        -2.6820  
          580              2         0.4786        -2.6820  
          580              2         0.4786        -2.6820  
          580              2         0.4786        -2.6820  
          580              2         0.4786        -2.6820  
          581              2         0.4291        -2.6820  
          581              2         0.4291        -2.6820  
          581              2         0.4291        -2.6820  
          581              2         0.4291        -2.6820  
          581              2         0.4291        -2.6820  
          582              2         0.3796        -2.6820  
          582              2         0.3796        -2.6820  
          582              2         0.3796        -2.6820  
          582              2         0.3796        -2.6820  
          582              2         0.3796        -2.6820  
          583              2         0.3301        -2.6820  
          583              2         0.3301        -2.6820  
          583              2         0.3301        -2.6820  
          583              2         0.3301        -2.6820  
          583              2         0.3301        -2.6820  
          584              2         0.2805        -2.6820  
          584              2         0.2805        -2.6820  
          584              2         0.2805        -2.6820  
          584              2         0.2805        -2.6820  
          584              2         0.2805        -2.6820  
          585              2         0.2307        -2.6820  
          585              2         0.2307        -2.6820  
          585              2         0.2307        -2.6820  
          585              2         0.2307        -2.6820  
          585              2         0.2307        -2.6820  
          586              2         0.1811        -2.6820  
          586              2         0.1811        -2.6820  
          586              2         0.1811        -2.6820  
          586              2         0.1811        -2.6820  
          586              2         0.1811        -2.6820  
          587              2         0.1312        -2.6820  
          587              2         0.1312        -2.6820  
          587              2         0.1312        -2.6820  
          587              2         0.1312        -2.6820  
          587              2         0.1312        -2.6820  
          588              2         0.0828        -2.6820  
          588              2         0.0828        -2.6820  
          588              2         0.0828        -2.6820  
          588              2         0.0828        -2.6820  
          589              2         0.0334        -2.6820  
          589              2         0.0334        -2.6820  
          589              2         0.0334        -2.6820  
          589              2         0.0334        -2.6820  
          589              2         0.0334        -2.6820  
          590              2        -0.0158        -2.6820  
          590              2        -0.0158        -2.6820  
          590              2        -0.0158        -2.6820  
          590              2        -0.0158        -2.6820  
          590              2        -0.0158        -2.6820  
          591              2        -0.0652        -2.6820  
          591              2        -0.0652        -2.6820  
          591              2        -0.0652        -2.6820  
          591              2        -0.0652        -2.6820  
          591              2        -0.0652        -2.6820  
          592              2        -0.1146        -2.6820  
          592              2        -0.1146        -2.6820  
          592              2        -0.1146        -2.6820  
          592              2        -0.1146        -2.6820  
          593              2        -0.1637        -2.6820  
          593              2        -0.1637        -2.6820  
          593              2        -0.1637        -2.6820  
          593              2        -0.1637        -2.6820  
          593              2        -0.1637        -2.6820  
          594              2        -0.2131        -2.6820  
          594              2        -0.2131        -2.6820  
          594              2        -0.2131        -2.6820  
          594              2        -0.2131        -2.6820  
          594              2        -0.2131        -2.6820  
          595              2        -0.2624        -2.6820  
          595              2        -0.2624        -2.6820  
          595              2        -0.2624        -2.6820  
          595              2        -0.2624        -2.6820  
          595              2        -0.2624        -2.6820  
          596              2        -0.3119        -2.6820  
          596              2        -0.3119        -2.6820  
          596              2        -0.3119        -2.6820  
          596              2        -0.3119        -2.6820  
          596              2        -0.3119        -2.6820  
          597              2        -0.3617        -2.6820  
          597              2        -0.3617        -2.6820  
          597              2        -0.3617        -2.6820  
          597              2        -0.3617        -2.6820  
          597              2        -0.3617        -2.6820  
          598              2        -0.4116        -2.6820  
          598              2        -0.4116        -2.6820  
          598              2        -0.4116        -2.6820  
          598              2        -0.4116        -2.6820  
          598              2        -0.4116        -2.6820  
          599              2        -0.4612        -2.6820  
          599              2        -0.4612        -2.6820  
          599              2        -0.4612        -2.6820  
          599              2        -0.4612        -2.6820  
          599              2        -0.4612        -2.6820  
          600              2        -0.5109        -2.6820  
          600              2        -0.5109        -2.6820  
          600              2        -0.5109        -2.6820  
          600              2        -0.5109        -2.6820  
          600              2        -0.5109        -2.6820  
          601              2        -0.5602        -2.6820  
          601              2        -0.5602        -2.6820  
          601              2        -0.5602        -2.6820  
          601              2        -0.5602        -2.6820  
          601              2        -0.5602        -2.6820  
          602              2        -0.6096        -2.6820  
          602              2        -0.6096        -2.6820  
          602              2        -0.6096        -2.6820  
          602              2        -0.6096        -2.6820  
          602              2        -0.6096        -2.6820  
          603              2        -0.6581        -2.6820  
          603              2        -0.6581        -2.6820  
          603              2        -0.6581        -2.6820  
          603              2        -0.6581        -2.6820  
          603              2        -0.6581        -2.6820  
          604              2        -0.7071        -2.6820  
          604              2        -0.7071        -2.6820  
          604              2        -0.7071        -2.6820  
          604              2        -0.7071        -2.6820  
          604              2        -0.7071        -2.6820  
          605              2        -0.7571        -2.6820  
          605              2        -0.7571        -2.6820  
          605              2        -0.7571        -2.6820  
          605              2        -0.7571        -2.6820  
          605              2        -0.7571        -2.6820  
          606              2        -0.8066        -2.6820  
          606              2        -0.8066        -2.6820  
          606              2        -0.8066        -2.6820  
          606              2        -0.8066        -2.6820  
          607              2        -0.8562        -2.6820  
          607              2        -0.8562        -2.6820  
          607              2        -0.8562        -2.6820  
          607              2        -0.8562        -2.6820  
          607              2        -0.8562        -2.6820  
          608              2        -0.9059        -2.6820  
          608              2        -0.9059        -2.6820  
          608              2        -0.9059        -2.6820  
          608              2        -0.9059        -2.6820  
          608              2        -0.9059        -2.6820  
          609              2        -0.9556        -2.6820  
          609              2        -0.9556        -2.6820  
          609              2        -0.9556        -2.6820  
          609              2        -0.9556        -2.6820  
          609              2        -0.9556        -2.6820  
          610              2        -1.0046        -2.6820  
          610              2        -1.0046        -2.6820  
          610              2        -1.0046        -2.6820  
          610              2        -1.0046        -2.6820  
          610              2        -1.0046        -2.6820  
          611              2        -1.0546        -2.6820  
          611              2        -1.0546        -2.6820  
          611              2        -1.0546        -2.6820  
          611              2        -1.0546        -2.6820  
          611              2        -1.0546        -2.6820  
          612              2        -1.1044        -2.6820  
          612              2        -1.1044        -2.6820  
          612              2        -1.1044        -2.6820  
          612              2        -1.1044        -2.6820  
          612              2        -1.1044        -2.6820  
          613              2        -1.1541        -2.6820  
          613              2        -1.1541        -2.6820  
          613              2        -1.1541        -2.6820  
          613              2        -1.1541        -2.6820  
          613              2        -1.1541        -2.6820  
          614              2        -1.2033        -2.6820  
          614              2        -1.2033        -2.6820  
          614              2        -1.2033        -2.6820  
          614              2        -1.2033        -2.6820  
          614              2        -1.2033        -2.6820  
          615              2        -1.2533        -2.6820  
          615              2        -1.2533        -2.6820  
          615              2        -1.2533        -2.6820  
          615              2        -1.2533        -2.6820  
          615              2        -1.2533        -2.6820  
          616              2        -1.3031        -2.6820  
          616              2        -1.3031        -2.6820  
          616              2        -1.3031        -2.6820  
          616              2        -1.3031        -2.6820  
          616              2        -1.3031        -2.6820  
          617              2        -1.3522        -2.6820  
          617              2        -1.3522        -2.6820  
          617              2        -1.3522        -2.6820  
          617              2        -1.3522        -2.6820  
          617              2        -1.3522        -2.6820  
          618              2        -1.4016        -2.6820  
          618              2        -1.4016        -2.6820  
          618              2        -1.4016        -2.6820  
          618              2        -1.4016        -2.6820  
          618              2        -1.4016        -2.6820  
          619              2        -1.4506        -2.6820  
          619              2        -1.4506        -2.6820  
          619              2        -1.4506        -2.6820  
          619              2        -1.4506        -2.6820  
          619              2        -1.4506        -2.6820  
          620              2        -1.4999        -2.6820  
          620              2        -1.4999        -2.6820  
          620              2        -1.4999        -2.6820  
          620              2        -1.4999        -2.6820  
          620              2        -1.4999        -2.6820  
          621              2        -1.5492        -2.6820  
          621              2        -1.5492        -2.6820  
          621              2        -1.5492        -2.6820  
          621              2        -1.5492        -2.6820  
          621              2        -1.5492        -2.6820  
          622              2        -1.5982        -2.6820  
          622              2        -1.5982        -2.6820  
          622              2        -1.5982        -2.6820  
          622              2        -1.5982        -2.6820  
          622              2        -1.5982        -2.6820  
          623              2        -1.6476        -2.6820  
          623              2        -1.6476        -2.6820  
          623              2        -1.6476        -2.6820  
          623              2        -1.6476        -2.6820  
          623              2        -1.6476        -2.6820  
          624              2        -1.6970        -2.6820  
          624              2        -1.6970        -2.6820  
          624              2        -1.6970        -2.6820  
          624              2        -1.6970        -2.6820  
          625              2        -1.7467        -2.6820  
          625              2        -1.7467        -2.6820  
          625              2        -1.7467        -2.6820  
          625              2        -1.7467        -2.6820  
          625              2        -1.7467        -2.6820  
          626              2        -1.7966        -2.6820  
          626              2        -1.7966        -2.6820  
          626              2        -1.7966        -2.6820  
          626              2        -1.7966        -2.6820  
          626              2        -1.7966        -2.6820  
          627              2        -1.8463        -2.6820  
          627              2        -1.8463        -2.6820  
          627              2        -1.8463        -2.6820  
          627              2        -1.8463        -2.6820  
          628              2        -1.8958        -2.6820  
          628              2        -1.8958        -2.6820  
          628              2        -1.8958        -2.6820  
          628              2        -1.8958        -2.6820  
          628              2        -1.8958        -2.6820  
          629              2        -1.9455        -2.6820  
          629              2        -1.9455        -2.6820  
          629              2        -1.9455        -2.6820  
          629              2        -1.9455        -2.6820  
          629              2        -1.9455        -2.6820  
          630              2        -1.9951        -2.6820  
          630              2        -1.9951        -2.6820  
          630              2        -1.9951        -2.6820  
          630              2        -1.9951        -2.6820  
          630              2        -1.9951        -2.6820  
          631              2        -2.0445        -2.6820  
          631              2        -2.0445        -2.6820  
          631              2        -2.0445        -2.6820  
          631              2        -2.0445        -2.6820  
          632              2        -2.0928        -2.6820  
          632              2        -2.0928        -2.6820  
          632              2        -2.0928        -2.6820  
          632              2        -2.0928        -2.6820  
          632              2        -2.0928        -2.6820  
          633              2        -2.1414        -2.6820  
          633              2        -2.1414        -2.6820  
          633              2        -2.1414        -2.6820  
          633              2        -2.1414        -2.6820  
          633              2        -2.1414        -2.6820  
          634              2        -2.1904        -2.6820  
          634              2        -2.1904        -2.6820  
          634              2        -2.1904        -2.6820  
          634              2        -2.1904        -2.6820  
          634              2        -2.1904        -2.6820  
          635              2        -2.2402        -2.6820  
          635              2        -2.2402        -2.6820  
          635              2        -2.2402        -2.6820  
          635              2        -2.2402        -2.6820  
          635              2        -2.2402        -2.6820  
          636              2        -2.2900        -2.6820  
          636              2        -2.2900        -2.6820  
          636              2        -2.2900        -2.6820  
          636              2        -2.2900        -2.6820  
          637              2        -2.3400        -2.6820  
          637              2        -2.3400        -2.6820  
          637              2        -2.3400        -2.6820  
          637              2        -2.3400        -2.6820  
          637              2        -2.3400        -2.6820  
          638              2        -2.3901        -2.6820  
          638              2        -2.3901        -2.6820  
          638              2        -2.3901        -2.6820  
          638              2        -2.3901        -2.6820  
          638              2        -2.3901        -2.6820  
          639              2        -2.4399        -2.6820  
          639              2        -2.4399        -2.6820  
          639              2        -2.4399        -2.6820  
          639              2        -2.4399        -2.6820  
          639              2        -2.4399        -2.6820  
          640              2        -2.4898        -2.6820  
          640              2        -2.4898        -2.6820  
          640              2        -2.4898        -2.6820  
          640              2        -2.4898        -2.6820  
          640              2        -2.4898        -2.6820  
          641              2        -2.5393        -2.6820  
          641              2        -2.5393        -2.6820  
          641              2        -2.5393        -2.6820  
          641              2        -2.5393        -2.6820  
          641              2        -2.5393        -2.6820  
          642              2        -2.5887        -2.6820  
          642              2        -2.5887        -2.6820  
          642              2        -2.5887        -2.6820  
          642              2        -2.5887        -2.6820  
          642              2        -2.5887        -2.6820  
          643              2        -2.6381        -2.6820  
          643              2        -2.6381        -2.6820  
          643              2        -2.6381        -2.6820  
          643              2        -2.6381        -2.6820  
          643              2        -2.6381        -2.6820  
          644              2        -2.6875        -2.6820  
          644              2        -2.6875        -2.6820  
          644              2        -2.6875        -2.6820  
          644              2        -2.6875        -2.6820  
          644              2        -2.6875        -2.6820  
          645              2        -2.7369        -2.6820  
          645              2        -2.7369        -2.6820  
          645              2        -2.7369        -2.6820  
          645              2        -2.7369        -2.6820  
          645              2        -2.7369        -2.6820  
          646              2        -2.7863        -2.6820  
          646              2        -2.7863        -2.6820  
          646              2        -2.7863        -2.6820  
          646              2        -2.7863        -2.6820  
          647              2        -2.8361        -2.6820  
          647              2        -2.8361        -2.6820  
          647              2        -2.8361        -2.6820  
          647              2        -2.8361        -2.6820  
          647              2        -2.8361        -2.6820  
          648              2        -2.8857        -2.6820  
          648              2        -2.8857        -2.6820  
          648              2        -2.8857        -2.6820  
          648              2        -2.8857        -2.6820  
          648              2        -2.8857        -2.6820  
          649              2        -2.9351        -2.6820  
          649              2        -2.9351        -2.6820  
          649              2        -2.9351        -2.6820  
          649              2        -2.9351        -2.6820  
          649              2        -2.9351        -2.6820  
          650              2        -2.9846        -2.6820  
          650              2        -2.9846        -2.6820  
          650              2        -2.9846        -2.6820  
          650              2        -2.9846        -2.6820  
          650              2        -2.9846        -2.6820  
          651              2        -3.0339        -2.6820  
          651              2        -3.0339        -2.6820  
          651              2        -3.0339        -2.6820  
          651              2        -3.0339        -2.6820  
          651              2        -3.0339        -2.6820  
          652              2        -3.0832        -2.6820  
          652              2        -3.0832        -2.6820  
          652              2        -3.0832        -2.6820  
          652              2        -3.0832        -2.6820  
          653              2        -3.1327        -2.6820  
          653              2        -3.1327        -2.6820  
          653              2        -3.1327        -2.6820  
          653              2        -3.1327        -2.6820  
          653              2        -3.1327        -2.6820  
          654              2        -3.1809        -2.6820  
          654              2        -3.1809        -2.6820  
          654              2        -3.1809        -2.6820  
          654              2        -3.1809        -2.6820  
          654              2        -3.1809        -2.6820  
