            1            347          13703          13406          20080          -2681        -7.6049  
            1            348          13528          13494          20156          -2663        -7.5263  
            1            349          13734          13621          20360          -2751        -7.6951  
            1            350          13820          13914          20674          -2461        -6.7885  
            1            351          13664          13605          20318          -2729        -7.6499  
            1            352          13834          13764          20448          -2543        -7.0891  
            1            353          13856          13656          20404          -2431        -6.7944  
            1            354          13886          13723          20356          -2623        -7.3425  
            1            355          13658          13279          20052          -3015        -8.5509  
            1            356          13544          13642          20120          -2667        -7.5508  
            1            357          13940          13848          20568          -2629        -7.2840  
            1            358          13906          13505          20624          -2599        -7.1825  
            1            359          13856          13825          20356          -2663        -7.4532  
            1            360          13571          13767          20286          -2387        -6.7110  
            1            361          13894          13592          20220          -2699        -7.6030  
            1            362          13776          13651          20356          -2619        -7.3314  
            1            363          13812          13747          20376          -2617        -7.3187  
            1            364          13698          13640          20196          -2553        -7.2046  
            1            365          13998          14025          20628          -2663        -7.3560  
            1            366          13597          13654          20350          -2529        -7.0841  
            1            367          13574          13741          20276          -2599        -7.3044  
            1            368          13661          13837          20326          -2331        -6.5421  
            1            369          13718          13609          20250          -2635        -7.4139  
            1            370          13788          13812          20532          -2535        -7.0384  
            1            371          14130          13744          20554          -2581        -7.1573  
            1            372          13579          13514          20446          -2853        -7.9437  
            1            373          13774          13699          20464          -2699        -7.5134  
            1            374          13660          13782          20346          -2337        -6.5524  
            1            375          13756          13686          20476          -2727        -7.5860  
            1            376          13652          14082          20624          -2589        -7.1551  
            1            377          13412          13546          20408          -2397        -6.6989  
            1            378          13546          13982          20476          -2153        -6.0025  
            1            379          13861          13842          20630          -2717        -7.5028  
            1            380          13797          13741          20344          -2213        -6.2082  
            1            381          13665          13549          20178          -2757        -7.7804  
            1            382          13866          13680          20256          -2877        -8.0838  
            1            383          13455          13771          20190          -2631        -7.4245  
            1            384          13493          13602          20240          -2657        -7.4787  
            1            385          13641          13715          20362          -2427        -6.7972  
            1            386          13830          13805          20338          -2827        -7.9135  
            1            387          14012          13603          20418          -2943        -8.2020  
            1            388          13956          13892          20376          -2549        -7.1306  
            1            389          13611          13493          20416          -2539        -7.0891  
            1            390          13587          13398          19864          -2585        -7.4145  
            1            391          13712          13642          20364          -2565        -7.1790  
            1            392          13787          13873          20708          -2521        -6.9411  
            1            393          13782          13641          20432          -2483        -6.9289  
            1            394          13865          13708          20390          -2651        -7.4077  
            1            395          13914          14089          20692          -2377        -6.5531  
            1            396          13587          13784          20336          -2381        -6.6780  
            1            397          13682          13917          20628          -2561        -7.0772  
            1            398          13759          13759          20200          -2709        -7.6383  
            1            399          13783          13534          20400          -2883        -8.0440  
            1            400          13713          13700          20454          -2347        -6.5458  
            1            401          13906          14009          20556          -2497        -6.9260  
            1            402          13833          13694          20408          -2489        -6.9536  
            1            403          13788          13750          20400          -2513        -7.0227  
            1            404          13897          13613          20262          -2541        -7.1480  
            1            405          13598          13986          20592          -2447        -6.7768  
            1            406          14157          13746          20592          -2771        -7.6641  
            1            407          13664          13782          20554          -2441        -6.7727  
            1            408          13791          13640          20098          -2537        -7.1945  
            1            409          13662          13562          19974          -2383        -6.8035  
            1            410          13849          13443          20282          -2527        -7.1021  
            1            411          13964          13714          20358          -2659        -7.4414  
            1            412          13684          13765          20324          -2559        -7.1764  
            1            413          13873          13651          20090          -2711        -7.6852  
            1            414          13491          13457          20024          -2641        -7.5135  
            1            415          13866          13531          20324          -2747        -7.6975  
            1            416          13938          13994          20406          -2751        -7.6779  
            1            417          13932          14118          20488          -2505        -6.9708  
            1            418          13596          13621          20220          -2647        -7.4582  
            1            419          13806          13640          20396          -2745        -7.6651  
            1            420          13760          13469          20678          -2599        -7.1639  
            1            421          13751          13768          20186          -2739        -7.7272  
            1            422          13950          13445          20470          -2683        -7.4672  
            1            423          13893          13635          20564          -2469        -6.8464  
            1            424          13706          13756          19922          -2455        -7.0252  
            1            425          13669          13421          20470          -2851        -7.9290  
            1            426          13944          13467          20442          -2883        -8.0277  
            1            427          13883          13667          20422          -2579        -7.1975  
            1            428          13753          13854          20544          -2335        -6.4843  
            1            429          13629          13439          19860          -2615        -7.5011  
            1            430          13845          13783          20956          -2731        -7.4250  
            1            431          13945          13501          20486          -2723        -7.5714  
            1            432          13689          13547          20274          -2661        -7.4774  
            1            433          13798          13332          20116          -2855        -8.0779  
            1            434          13898          13773          20258          -2373        -6.6811  
            1            435          13728          13520          20252          -2771        -7.7912  
            1            436          13736          13730          20564          -2841        -7.8659  
            1            437          14029          13724          20404          -2871        -8.0094  
            1            438          13886          13866          20508          -2697        -7.4920  
            1            439          14132          13451          20264          -3061        -8.5899  
            1            440          13818          13411          20030          -2833        -8.0504  
            1            441          13684          13443          20306          -2689        -7.5434  
            1            442          14349          13447          20334          -3039        -8.5002  
            1            443          13538          13575          20260          -2429        -6.8366  
            1            444          13755          13418          20092          -3025        -8.5620  
            1            445          13841          13626          20360          -2503        -7.0086  
            1            446          13641          13381          20192          -2731        -7.7026  
            1            447          13798          13677          20472          -2615        -7.2793  
            1            448          13897          13681          20492          -2491        -6.9308  
            1            449          13841          13673          20532          -2513        -6.9780  
            1            450          13731          13760          20460          -2373        -6.6157  
            1            451          14115          13824          20848          -2567        -7.0195  
            1            452          13630          13489          20112          -2611        -7.3969  
            1            453          13553          13694          20538          -2515        -6.9815  
            1            454          13924          13684          20510          -2699        -7.4967  
            1            455          13690          13578          20190          -2615        -7.3798  
            1            456          13458          13579          20322          -2629        -7.3713  
            1            457          14111          13894          20654          -2717        -7.4941  
            1            458          13510          13842          20350          -2367        -6.6345  
            1            459          13820          13553          20154          -2803        -7.9179  
            1            460          13743          13809          20240          -2617        -7.3674  
            1            461          13579          13973          20340          -2263        -6.3485  
            1            462          13741          13738          20408          -2593        -7.2411  
            1            463          13672          13325          20058          -2815        -7.9889  
            1            464          13792          13555          20420          -2835        -7.9041  
            1            465          14023          13819          20666          -2485        -6.8567  
            1            466          14104          13655          20694          -2411        -6.6454  
            1            467          13721          13756          20304          -2633        -7.3888  
            1            468          14010          13807          20504          -2667        -7.4110  
            1            469          13583          13543          20464          -2657        -7.3978  
            1            470          13824          13348          20066          -2949        -8.3606  
            1            471          13980          13521          20262          -2789        -7.8373  
            1            472          13692          13597          20294          -2655        -7.4535  
            2            529          13645          13827          20362          -2359        -6.6084  
            2            530          13809          13634          20450          -2893        -8.0520  
            2            531          13735          13415          20202          -2635        -7.4313  
            2            532          13716          13434          20232          -2517        -7.0916  
            2            533          13867          13569          20342          -2755        -7.7129  
            2            534          13799          13763          20494          -2513        -6.9908  
            2            535          13963          13874          20314          -2755        -7.7234  
            2            536          13554          13593          20078          -2479        -7.0386  
            2            537          14000          13874          20794          -2391        -6.5594  
            2            538          13692          13712          20456          -2825        -7.8629  
            2            539          13614          13702          20336          -2693        -7.5435  
            2            540          14024          13570          20612          -2995        -8.2674  
            2            541          13413          13687          20074          -2453        -6.9669  
            2            542          13899          13656          20204          -2755        -7.7649  
            2            543          13426          13530          20294          -2537        -7.1257  
            2            544          13989          13777          20534          -2453        -6.8123  
            2            545          13751          13863          20472          -2395        -6.6726  
            2            546          13981          13855          20616          -2671        -7.3821  
            2            547          13648          13662          20302          -2263        -6.3603  
            2            548          13828          13875          20320          -2715        -7.6103  
            2            549          13521          13546          20002          -2553        -7.2737  
            2            550          13857          13695          20360          -2565        -7.1804  
            2            551          13867          13483          20392          -3039        -8.4763  
            2            552          13432          13362          20020          -2695        -7.6668  
            2            553          13722          13938          20692          -2251        -6.2086  
            2            554          13815          13683          20362          -2715        -7.5948  
            2            555          13827          13749          20406          -2753        -7.6835  
            2            556          13652          13664          20234          -2709        -7.6256  
            2            557          13773          13633          20448          -2579        -7.1885  
            2            558          13830          13777          20324          -2621        -7.3484  
            2            559          13682          13732          20190          -2517        -7.1062  
            2            560          14001          13676          20320          -2659        -7.4552  
            2            561          13857          13824          20780          -2491        -6.8357  
            2            562          13830          13534          20190          -2823        -7.9596  
            2            563          13711          13694          20264          -2823        -7.9309  
            2            564          13751          13423          20134          -2463        -6.9744  
            2            565          14063          13893          20688          -2903        -7.9878  
            2            566          13906          13444          20020          -2935        -8.3403  
            2            567          13629          13485          20104          -2825        -7.9988  
            2            568          13652          13496          20186          -2673        -7.5431  
            2            569          13731          13569          20286          -2493        -7.0061  
            2            570          13703          13605          20208          -2531        -7.1390  
            2            571          13984          13730          20440          -2755        -7.6763  
            2            572          13896          13486          20272          -3051        -8.5590  
            2            573          13920          13428          20472          -2835        -7.8843  
            2            574          13668          13364          19818          -2795        -8.0277  
            2            575          13758          13970          20116          -2617        -7.4123  
            2            576          14007          13584          20576          -2555        -7.0784  
            2            577          13769          13780          20514          -2541        -7.0611  
            2            578          13592          13510          20278          -2567        -7.2147  
            2            579          13944          13865          20410          -2433        -6.7979  
            2            580          13865          13743          20346          -2671        -7.4790  
            2            581          13647          13886          20404          -2453        -6.8553  
            2            582          13763          13516          20528          -2575        -7.1497  
            2            583          13947          13431          20250          -3039        -8.5349  
            2            584          13746          13921          20584          -2563        -7.0976  
            2            585          13726          13644          20260          -2713        -7.6271  
            2            586          13802          13806          20352          -2779        -7.7755  
            2            587          13871          13442          20366          -2743        -7.6707  
            2            588          13884          13860          20270          -2459        -6.9169  
            2            589          13817          13829          20516          -2613        -7.2583  
            2            590          13632          14009          20550          -2327        -6.4604  
            2            591          13690          13417          20160          -2909        -8.2109  
            2            592          14003          13702          20438          -2997        -8.3423  
            2            593          13580          13903          20404          -2309        -6.4564  
            2            594          13834          13786          20338          -2729        -7.6424  
            2            595          13584          13667          20404          -2523        -7.0490  
            2            596          13723          13569          20318          -2759        -7.7329  
            2            597          13612          13728          20334          -2549        -7.1451  
            2            598          13706          13678          20296          -2593        -7.2806  
            2            599          13756          13261          20238          -3031        -8.5178  
            2            600          13517          13765          20180          -2465        -6.9642  
            2            601          14232          13767          20638          -2679        -7.3962  
            2            602          14036          13795          20450          -2527        -7.0443  
            2            603          13575          13455          20268          -2459        -6.9176  
            2            604          13655          13617          20218          -2407        -6.7892  
            2            605          13528          13668          20274          -2309        -6.4974  
            2            606          13659          13718          20170          -2571        -7.2641  
            2            607          13889          13464          20392          -2927        -8.1683  
            2            608          13423          13563          20348          -2527        -7.0793  
            2            609          13767          14000          20604          -2427        -6.7181  
            2            610          13636          13499          20184          -2809        -7.9229  
            2            611          13618          13446          20254          -2713        -7.6293  
            2            612          13857          13528          20316          -2781        -7.7946  
            2            613          13562          13521          20338          -2721        -7.6203  
            2            614          13564          13583          19964          -2363        -6.7503  
            2            615          13921          13723          20406          -2791        -7.7882  
            2            616          13779          13670          20258          -2487        -6.9990  
            2            617          13960          13827          20656          -2815        -7.7605  
            2            618          13676          13495          19826          -2735        -7.8544  
            2            619          13582          13768          20072          -2911        -8.2520  
            2            620          14049          13606          20410          -2883        -8.0401  
            2            621          13696          13405          20132          -2603        -7.3673  
            2            622          14003          13441          20264          -2889        -8.1139  
            2            623          13956          13788          20280          -2419        -6.8021  
            2            624          13879          13933          20548          -2617        -7.2581  
            2            625          13688          13309          20312          -2749        -7.7075  
            2            626          13567          13641          20268          -2815        -7.9072  
            2            627          13596          13569          20304          -2401        -6.7441  
            2            628          13527          13699          20294          -2451        -6.8865  
            2            629          13934          13790          20212          -2745        -7.7340  
            2            630          13679          13654          20292          -2643        -7.4209  
            2            631          13640          13412          19994          -2647        -7.5415  
            2            632          13691          13315          20230          -2937        -8.2605  
            2            633          13422          13634          19976          -2549        -7.2718  
            2            634          13760          13614          20268          -2749        -7.7240  
            2            635          13807          13818          20538          -2531        -7.0254  
            2            636          13543          13551          20006          -2707        -7.7059  
            2            637          13707          13514          20270          -2603        -7.3177  
            2            638          14008          13758          20428          -2759        -7.6918  
            2            639          13586          13618          19958          -2507        -7.1596  
            2            640          13505          13482          20334          -2473        -6.9342  
            2            641          13809          13921          20390          -2489        -6.9596  
            2            642          13683          13445          20316          -2705        -7.5841  
            2            643          13383          13489          20078          -2673        -7.5832  
            2            644          13613          13481          19926          -2697        -7.7082  
            2            645          13698          13823          20326          -2617        -7.3365  
            2            646          13721          13739          20146          -2807        -7.9321  
            2            647          13868          13524          20490          -2787        -7.7457  
            2            648          13837          13516          20280          -2821        -7.9192  
            2            649          13824          13559          20294          -2673        -7.5035  
            2            650          13871          13328          20298          -2989        -8.3769  
            2            651          13855          13655          20398          -2755        -7.6920  
            2            652          13868          13886          20658          -2365        -6.5310  
