          173          13793          13794          20428          -2555        -7.1292         0.0000        -0.0001  
          174          13567          13748          20100          -2613        -7.4069         0.0000        -0.0001  
          175          13615          13474          20066          -2723        -7.7280         0.0000        -0.0001  
          176          13616          13344          20354          -2869        -8.0233         0.0000        -0.0001  
          177          14003          14051          20656          -2509        -6.9256         0.0000        -0.0001  
          178          13885          13375          20184          -2731        -7.7056         0.0000        -0.0001  
          179          14609          13559          20612          -3345        -9.2178         0.0000        -0.0001  
          971          13647          13337          19964          -2659        -7.5866        -0.0005        -0.0000  
          972          13701          13221          20216          -2873        -8.0884        -0.0005        -0.0000  
          973          13986          13604          20262          -3029        -8.5023        -0.0005        -0.0000  
          974          13818          13952          20486          -2465        -6.8612        -0.0005        -0.0000  
          975          13319          13404          19944          -2709        -7.7352        -0.0005        -0.0000  
          976          14040          14089          20570          -2625        -7.2724        -0.0005        -0.0000  
          977          13825          13455          20246          -2837        -7.9767        -0.0005        -0.0000  
          978          13607          13710          20262          -2677        -7.5263        -0.0005        -0.0000  
         3973          13703          13835          20292          -2451        -6.8872         0.0004         0.0000  
         3974          14113          13640          20486          -2673        -7.4339         0.0004         0.0000  
         3975          13924          13632          20472          -2597        -7.2297         0.0004         0.0000  
         3976          13831          14095          20656          -2539        -7.0075         0.0004         0.0000  
         3977          13860          13519          20382          -2607        -7.2890         0.0004         0.0000  
         3978          14007          13541          20080          -2851        -8.0810         0.0004         0.0000  
         4683          13812          13859          20170          -2807        -7.9228        -0.0004        -0.0000  
         4684          13738          13502          20178          -2657        -7.5014        -0.0004        -0.0000  
         4685          13720          13992          20250          -2645        -7.4417        -0.0004        -0.0000  
         4686          13752          13599          20330          -2819        -7.8944        -0.0004        -0.0000  
         4687          13782          13615          20452          -2607        -7.2643        -0.0004        -0.0000  
         4688          13879          13762          20512          -2579        -7.1663        -0.0004        -0.0000  
         4689          13758          13566          20664          -2485        -6.8573        -0.0004        -0.0000  
         5360          13810          13814          20422          -2475        -6.9101        -0.0005         0.0000  
         5361          13987          13397          20266          -2739        -7.6970        -0.0005         0.0000  
         5362          13929          13437          20278          -2783        -7.8146        -0.0005         0.0000  
         5363          14233          13735          20658          -2585        -7.1325        -0.0005         0.0000  
         5364          13547          13638          20148          -2439        -6.9023        -0.0005         0.0000  
         5365          13668          13621          20636          -2707        -7.4733        -0.0005         0.0000  
         5366          13848          13434          20342          -2719        -7.6133        -0.0005         0.0000  
         6023          13660          13464          19892          -2703        -7.7382        -0.0005        -0.0000  
         6024          13958          13725          20798          -2523        -6.9167        -0.0005        -0.0000  
         6025          13602          13540          20362          -2545        -7.1243        -0.0005        -0.0000  
         6026          13753          13687          20710          -2605        -7.1693        -0.0005        -0.0000  
         6027          13633          13482          20224          -2507        -7.0664        -0.0005        -0.0000  
         6028          13689          13606          20144          -2451        -6.9373        -0.0005        -0.0000  
         6029          14117          13609          20774          -2715        -7.4459        -0.0005        -0.0000  
         6030          13435          13769          20072          -2453        -6.9676        -0.0005        -0.0000  
         6031          13590          13705          20164          -2677        -7.5624        -0.0317        -0.0133  
         6032          13718          13636          20434          -2475        -6.9061        -0.0317        -0.0133  
         6033          13746          13803          20326          -2657        -7.4474        -0.0317        -0.0133  
         6034          13970          13935          20634          -2373        -6.5604        -0.0317        -0.0133  
         6035          14174          13593          20486          -2843        -7.9009        -0.0317        -0.0133  
         6036          14032          13587          20584          -2749        -7.6069        -0.0317        -0.0133  
         6037          13730          13657          20242          -2591        -7.2943        -0.0317        -0.0133  
         7338          13794          13523          20378          -2635        -7.3678        -0.0003        -0.0000  
         7339          13837          13715          20328          -2325        -6.5248        -0.0003        -0.0000  
         7340          13344          13593          20072          -2483        -7.0519        -0.0003        -0.0000  
         7341          13964          13746          20412          -2861        -7.9788        -0.0003        -0.0000  
         7342          13519          13546          20340          -2583        -7.2373        -0.0003        -0.0000  
         7343          13854          13879          20514          -2615        -7.2645        -0.0003        -0.0000  
         7344          14030          13731          20550          -2895        -8.0188        -0.0003        -0.0000  
         7345          13777          13885          20462          -2639        -7.3489        -0.0003        -0.0000  
         7989          13710          13701          20184          -2649        -7.4769        -0.0005         0.0000  
         7990          13918          13547          20582          -2743        -7.5912        -0.0005         0.0000  
         7991          13616          13466          20060          -2767        -7.8536        -0.0005         0.0000  
         7992          13751          14068          20410          -2327        -6.5044        -0.0005         0.0000  
         7993          13915          13375          20124          -2677        -7.5773        -0.0005         0.0000  
         7994          13765          13562          20400          -2741        -7.6526        -0.0005         0.0000  
         7995          13884          13801          20396          -2623        -7.3282        -0.0005         0.0000  
         8003          13988          13824          20376          -2745        -7.6725         0.0789        -0.0105  
         8004          13856          13568          20418          -2415        -6.7455         0.0789        -0.0105  
         8005          13783          13843          20408          -2577        -7.1969         0.0789        -0.0105  
         8006          14049          13574          20270          -2895        -8.1281         0.0789        -0.0105  
         8007          13658          13381          20260          -2877        -8.0822         0.0789        -0.0105  
         8008          13772          13550          20360          -2601        -7.2801         0.0789        -0.0105  
         8654          13808          13535          20298          -2757        -7.7349        -0.0808         0.0114  
         8655          13753          13764          20394          -2643        -7.3842        -0.0808         0.0114  
         8656          13625          13299          19992          -2919        -8.3070        -0.0808         0.0114  
         8657          13639          13813          20540          -2609        -7.2390        -0.0808         0.0114  
         8658          13654          13633          20292          -2557        -7.1820        -0.0808         0.0114  
         8659          13941          13682          20598          -2693        -7.4487        -0.0808         0.0114  
         8660          13590          13392          20046          -2823        -8.0160        -0.0808         0.0114  
         9959          13978          13730          20550          -2737        -7.5864         0.0002        -0.0000  
         9960          14168          13591          20308          -2861        -8.0191         0.0002        -0.0000  
         9961          13732          13803          20296          -2715        -7.6192         0.0002        -0.0000  
         9962          13761          13468          20068          -2877        -8.1585         0.0002        -0.0000  
         9963          14065          14006          20466          -2459        -6.8513         0.0002        -0.0000  
         9964          13594          13615          20316          -2695        -7.5564         0.0002        -0.0000  
        11955          13549          13661          20036          -2691        -7.6495         0.0002         0.0001  
        11956          13598          13635          20338          -2489        -6.9773         0.0002         0.0001  
        11957          14050          13447          20308          -2639        -7.4040         0.0002         0.0001  
        11958          13534          13590          20090          -2599        -7.3713         0.0002         0.0001  
        11959          13725          13586          20294          -2701        -7.5811         0.0002         0.0001  
        11960          13652          13380          20036          -2707        -7.6945         0.0002         0.0001  
        11961          13979          13341          20426          -2559        -7.1409         0.0002         0.0001  
        13351          13647          13532          20138          -2663        -7.5329         0.0001         0.0002  
        13352          13662          13616          20052          -2531        -7.1939         0.0001         0.0002  
        13353          13882          13514          20236          -2625        -7.3911         0.0001         0.0002  
        13354          13730          13341          20304          -2655        -7.4499         0.0001         0.0002  
        13355          13825          13739          20340          -2719        -7.6140         0.0001         0.0002  
        13356          13705          13938          20180          -2661        -7.5119         0.0001         0.0002  
        13357          13805          13826          20282          -2693        -7.5634         0.0001         0.0002  
        13358          14284          13712          20582          -2655        -7.3503         0.0002        -0.0000  
        13359          14072          13587          20542          -2713        -7.5236         0.0002        -0.0000  
        13360          13791          13930          20284          -2591        -7.2793         0.0002        -0.0000  
        13361          13494          13605          20258          -2643        -7.4332         0.0002        -0.0000  
        13362          13901          13805          20342          -2643        -7.4029         0.0002        -0.0000  
        13363          13763          13503          20374          -2743        -7.6678         0.0002        -0.0000  
        13364          14094          13453          20394          -2865        -7.9967         0.0002        -0.0000  
        16324          13725          13539          20302          -2869        -8.0436        -0.0003        -0.0000  
        16325          13653          13735          20242          -2573        -7.2441        -0.0003        -0.0000  
        16326          13787          13723          20410          -2551        -7.1243        -0.0003        -0.0000  
        16327          13694          14054          20310          -2481        -6.9646        -0.0003        -0.0000  
        16328          13587          13675          20292          -2675        -7.5097        -0.0003        -0.0000  
        16329          14324          13746          20696          -2541        -6.9996        -0.0003        -0.0000  
        16330          13731          13388          20142          -2595        -7.3413        -0.0003        -0.0000  
        16911          14005          13658          20222          -3103        -8.7238        -0.0002        -0.0002  
        16912          13843          13752          20470          -2789        -7.7587        -0.0002        -0.0002  
        16913          13589          13846          20222          -2429        -6.8494        -0.0002        -0.0002  
        16914          13921          13980          20812          -2463        -6.7493        -0.0002        -0.0002  
        16915          13612          13413          20000          -2733        -7.7813        -0.0002        -0.0002  
        16916          13835          13984          20344          -2407        -6.7476        -0.0002        -0.0002  
        16917          13969          13640          20652          -2739        -7.5548        -0.0002        -0.0002  
